L10	0.0000000000	0.0133478988	0.1470665816	0.1475966640	0.3197021014	0.3142770128	0.3289804900	0.4584383044	0.3331610642	0.4238788378	0.3318572883	0.3315786896	0.3171992798	0.3274857145	0.2859058001	0.3254691237	0.3198903825	0.3232777953	0.3193799917	0.3093597632	0.4272817264	0.3332098923	0.3311841599	0.3281141026	0.3195559274	0.3319963325	0.3300532473	0.3285801979	0.3251091374	0.3270119189	0.3246501985	0.4287237946	0.3218933348	0.3868243629	0.1200747585	0.1247503555	0.1335291803	0.1390205626	0.1366731325	0.1298990692	0.1310839902	0.1339337854	0.1364480763	0.1275061701	0.1290518464	0.1315921034	0.1309115044	0.1347035055	0.1328106113	0.1350970814	0.3228749470	0.1269972056	0.1378117635	0.1348324828	0.1346791175	0.1284689256	0.3214445784	0.1333528400	0.1413402541	0.1387205086	0.1336627927	0.1305575728	0.3813312560	0.3904518380	0.1407432839	0.2605853186	0.2592379208	0.2612242719	0.2568959330	0.2556346207	0.1593134546	0.2312106136	0.2285721162	0.1967804082	0.1980086592	0.1315718015	0.1982795159	0.1848539293	0.1885304642	0.1860579200	0.3525610463	0.1314637884	0.1516528540	0.1392670598	0.3157930958	0.3156126780	0.3118212574	0.3060604235	0.2593047859	0.2087719652	0.2229295865	0.2361998431	0.2183648148	0.1415724848	0.3133874140	0.4933209267	0.3453086907	0.1399312430
L11	0.0133478988	0.0000000000	0.1437022191	0.1454621674	0.3160450925	0.3108678390	0.3257785594	0.4570471534	0.3275335361	0.4203085902	0.3241195755	0.3285741772	0.3142158852	0.3198450414	0.2645816603	0.3283916142	0.3272719773	0.3238983391	0.3192436116	0.3052377866	0.4313507739	0.3308369927	0.3236476845	0.3270237805	0.3145412752	0.3297681496	0.3277409852	0.3249669682	0.3226973833	0.3195267906	0.3242753861	0.4245560484	0.3214000110	0.3931644683	0.1168480065	0.1247153335	0.1337268566	0.1373158557	0.1361859075	0.1304461866	0.1269314652	0.1282377002	0.1307653945	0.1246036172	0.1251995556	0.1299596480	0.1256672204	0.1306408846	0.1271411307	0.1354994457	0.3244841560	0.1212559517	0.1331715653	0.1298463828	0.1352672849	0.1290411281	0.3190519306	0.1343766766	0.1368548916	0.1363446886	0.1306399769	0.1279276188	0.3836605429	0.3957040713	0.1356775538	0.2532653954	0.2507643172	0.2530732054	0.2521498196	0.2522366620	0.1613809307	0.2258712366	0.2244163986	0.1967783800	0.1929205660	0.1277686462	0.1950267958	0.1920397644	0.1813769177	0.1832832165	0.3358866181	0.1265361233	0.1534085366	0.1358987193	0.3195379542	0.3148666301	0.3118073464	0.3160012047	0.2498188343	0.1993797790	0.2293782447	0.2342105914	0.2158321651	0.1379848807	0.3127454350	0.4953270051	0.3438586862	0.1375886366
L12	0.1470665816	0.1437022191	0.0000000000	0.0129228408	0.3772968028	0.3668324493	0.3788405890	0.4415452349	0.3781462594	0.4143386186	0.3816193324	0.3831999099	0.3714056360	0.3768499836	0.3275761685	0.3809350148	0.3715509901	0.3831969509	0.3715904155	0.3608636572	0.4218420369	0.3909333495	0.3827168617	0.3823431779	0.3722529738	0.3826776137	0.3776771523	0.3821205509	0.3781276117	0.3809141525	0.3814981991	0.4086093500	0.3755692339	0.3804576631	0.0846615804	0.0898011215	0.0803975306	0.0757491045	0.0783271795	0.0863529490	0.0687513256	0.0881923895	0.0872724034	0.0720478642	0.0772310011	0.0826673359	0.0883109866	0.0893675151	0.0889627383	0.0891500950	0.3770763402	0.0698588627	0.0864655219	0.0840881265	0.1368120759	0.1365633211	0.3735527509	0.1390014968	0.0862434452	0.0872038540	0.0893748216	0.0889968217	0.3762555987	0.3817289750	0.0920751208	0.2260974802	0.2252383601	0.2243222287	0.2258061579	0.2248093599	0.0976065101	0.1850102436	0.1880738967	0.1378185816	0.1369912221	0.0889520571	0.1382301066	0.1265919364	0.1260617123	0.1187274490	0.2975665801	0.0927216136	0.0948718052	0.0786041613	0.3244914055	0.3688538141	0.3685450480	0.3503185726	0.2563692668	0.1611062142	0.1994440512	0.1981480836	0.1655487916	0.0797010283	0.3654732732	0.4831469312	0.4041832823	0.0842088402
L13	0.1475966640	0.1454621674	0.0129228408	0.0000000000	0.3809696972	0.3740594037	0.3806852977	0.4496047205	0.3812620974	0.4173385172	0.3746441429	0.3775926690	0.3703559739	0.3703823993	0.3098765461	0.3824006169	0.3731811610	0.3856117784	0.3705098904	0.3593533126	0.4302832839	0.3926558351	0.3820008621	0.3796397016	0.3734289569	0.3803696878	0.3744361181	0.3808596343	0.3773872900	0.3791682947	0.3787256624	0.4128015785	0.3721965209	0.3806152431	0.0865390775	0.0897553877	0.0768837749	0.0770233919	0.0796235703	0.0879057075	0.0702474194	0.0904337198	0.0895380781	0.0706985024	0.0768547740	0.0789551699	0.0879981371	0.0878904544	0.0888891425	0.0847684665	0.3725797100	0.0682688553	0.0842302389	0.0853280614	0.1351561764	0.1389859074	0.3711775607	0.1395315412	0.0825508048	0.0839141724	0.0905229332	0.0936755577	0.3811074494	0.3873403589	0.0894273741	0.2222755759	0.2265128819	0.2271510406	0.2256927707	0.2274907523	0.0920024568	0.1826652615	0.1850253979	0.1318221951	0.1365230971	0.0855325917	0.1323876408	0.1222387222	0.1206838504	0.1163875772	0.3112159794	0.0909784761	0.0919914506	0.0760307446	0.3096096808	0.3649020284	0.3676839995	0.3511727327	0.2554665323	0.1510691350	0.1920266450	0.2055735554	0.1619297994	0.0838316305	0.3695861372	0.4862899689	0.4023655170	0.0822557763
L14	0.3197021014	0.3160450925	0.3772968028	0.3809696972	0.0000000000	0.0327925407	0.1150890558	0.4748267280	0.1155382229	0.4352315710	0.1103378711	0.1140592040	0.1109741853	0.1195710717	0.1077769236	0.1125394530	0.1132147024	0.1139533629	0.1127246240	0.1156825537	0.4453023468	0.1327875230	0.1269806731	0.1269664085	0.1246366533	0.1294530244	0.1215442416	0.1319435264	0.1273773506	0.1226154478	0.1246386888	0.4355893942	0.1218256994	0.3950913223	0.3720927426	0.3696213284	0.3826889124	0.3705675963	0.3780782885	0.3804944700	0.3771051155	0.3777778965	0.3820667672	0.3773322773	0.3797541970	0.3897919692	0.3758938762	0.3742441166	0.3784653074	0.3784708152	0.1154833356	0.3828134517	0.3883501330	0.3779159284	0.3274198412	0.3313271007	0.1086825803	0.3245240807	0.3860187934	0.3898803065	0.3830230662	0.3693401600	0.3911023463	0.4077612412	0.3657549741	0.3617070975	0.3553807884	0.3539868386	0.3576757004	0.3613935068	0.3888879900	0.3770704420	0.3779175938	0.3851365521	0.3847556746	0.3683833861	0.3870818264	0.3879772568	0.3842079492	0.3879750166	0.3455332065	0.3731106768	0.3840690383	0.3765769908	0.3760630725	0.1125189216	0.1051302718	0.1198574149	0.2990078974	0.3443085132	0.3492497914	0.3614617099	0.3614188628	0.3880691544	0.1040861497	0.5028001617	0.1377124614	0.3934237094
L15	0.3142770128	0.3108678390	0.3668324493	0.3740594037	0.0327925407	0.0000000000	0.1114849876	0.4705829155	0.1125426266	0.4315080817	0.1102158196	0.1173167659	0.1168476529	0.1216631820	0.1117067954	0.1157211940	0.1120686587	0.1132376233	0.1149867955	0.1175907384	0.4461909010	0.1349260673	0.1299754500	0.1277139125	0.1243372166	0.1342640413	0.1280724604	0.1317698702	0.1267008973	0.1219786110	0.1208561461	0.4313871620	0.1235344341	0.3949280294	0.3693416469	0.3736720542	0.3785841531	0.3714473613	0.3774508322	0.3813615019	0.3743502050	0.3727890793	0.3831930223	0.3744633318	0.3819889971	0.3832682634	0.3731723411	0.3729553043	0.3781878956	0.3743335925	0.1131394584	0.3816205309	0.3819316352	0.3787691037	0.3252595171	0.3292132455	0.1126648462	0.3247301131	0.3815647683	0.3907079015	0.3814912838	0.3779915683	0.3902738538	0.3985391675	0.3656643952	0.3572504270	0.3549757274	0.3557263774	0.3551885779	0.3576895911	0.3820265430	0.3830002143	0.3805947586	0.3859168088	0.3806091467	0.3691113958	0.3872891906	0.3846639313	0.3818421636	0.3840085853	0.3657454365	0.3768975671	0.3809649358	0.3759211950	0.3517213521	0.1117295066	0.1052215112	0.1134492539	0.3012412874	0.3447470171	0.3577224041	0.3552833870	0.3657805893	0.3780531581	0.1049847286	0.5033995344	0.1387169488	0.3891270799
L17	0.3289804900	0.3257785594	0.3788405890	0.3806852977	0.1150890558	0.1114849876	0.0000000000	0.4795325721	0.0170608468	0.4372660583	0.1114770739	0.1192732595	0.1070978571	0.1189234304	0.1100362536	0.1091916125	0.1042008513	0.0954969531	0.1092304682	0.1112825922	0.4503564653	0.1333137252	0.1245844318	0.1252234067	0.1259760419	0.1305803752	0.1282652600	0.1244426528	0.1254198427	0.1150166223	0.1215486641	0.4358156508	0.1163615675	0.4063650320	0.3716780310	0.3810437020	0.3960919927	0.3834634433	0.3844644156	0.3853138410	0.3865187902	0.3811337895	0.3880208196	0.3867877467	0.3949925000	0.3943220255	0.3841300439	0.3828681942	0.3847830861	0.3809297075	0.1013023785	0.3899942525	0.3926028650	0.3838308048	0.3352198813	0.3394504860	0.1024372477	0.3302156146	0.3853067056	0.3970583214	0.3894750820	0.3908511228	0.3953785971	0.4051864217	0.3707840460	0.3693479608	0.3694123718	0.3644366892	0.3648698884	0.3655306728	0.3911493659	0.3847322076	0.3852027246	0.3946453205	0.3871180218	0.3752225921	0.3911849252	0.3848211819	0.3887962101	0.3927507964	0.3989409214	0.3892718135	0.3890543335	0.3831946633	0.3434911532	0.1103533519	0.1144622209	0.1197596693	0.3015319000	0.3400760779	0.3640365838	0.3665570332	0.3724710701	0.3901636206	0.1185250069	0.5113381173	0.1381483896	0.3960492193
L18	0.4584383044	0.4570471534	0.4415452349	0.4496047205	0.4748267280	0.4705829155	0.4795325721	0.0000000000	0.4888872057	0.0735651377	0.4670535144	0.4698229651	0.4750548309	0.4743729412	0.4147040213	0.4716113691	0.4720033631	0.4626651549	0.4737573677	0.4556516318	0.0701341205	0.4991775123	0.4853301978	0.4851418379	0.4711946847	0.4676544960	0.4653558237	0.4645755382	0.4718604516	0.4688630144	0.4681200317	0.0716655963	0.4834782401	0.2491643389	0.4439940425	0.4456219574	0.4505900917	0.4391996431	0.4433079322	0.4572804341	0.4490509919	0.4485492408	0.4496410526	0.4548517935	0.4405834620	0.4514985888	0.4512844607	0.4472791772	0.4539704524	0.4478424569	0.4775154607	0.4430955898	0.4494514385	0.4501250235	0.4534821041	0.4548750758	0.4666076771	0.4462775582	0.4489753105	0.4559075094	0.4496558762	0.4539560610	0.2591271924	0.2461222124	0.4532282633	0.4347759956	0.4293060213	0.4299380442	0.4260446570	0.4340162534	0.4555589401	0.4540967539	0.4473926189	0.4603806815	0.4585711209	0.4445054559	0.4635426557	0.4465406054	0.4504302493	0.4562876633	0.4047128142	0.4514078437	0.4425076974	0.4505609054	0.4343259304	0.4615300708	0.4693781439	0.4434205861	0.3764601273	0.4661036519	0.4238190310	0.4262537302	0.4246980305	0.4364523810	0.4747187280	0.0140441911	0.5109095364	0.4564375781
L19	0.3331610642	0.3275335361	0.3781462594	0.3812620974	0.1155382229	0.1125426266	0.0170608468	0.4888872057	0.0000000000	0.4418543704	0.1102276436	0.1175636925	0.1107251805	0.1201284313	0.1067970747	0.1113979281	0.0987054027	0.0940591878	0.1088344898	0.1136860238	0.4571224436	0.1333676545	0.1271011325	0.1234933119	0.1254021763	0.1332962281	0.1235229845	0.1241808231	0.1254534274	0.1127371896	0.1211459213	0.4413913500	0.1164234465	0.4095933304	0.3756769170	0.3779784598	0.3892869308	0.3835016452	0.3863066346	0.3851596191	0.3841922643	0.3805692778	0.3810544382	0.3859131870	0.3874570145	0.3871087447	0.3863022174	0.3889187127	0.3913625604	0.3797659998	0.1001639613	0.3863100246	0.3893712173	0.3849748779	0.3366351069	0.3395558423	0.0996816888	0.3324258297	0.3866905353	0.3946929813	0.3849103271	0.3849445988	0.4026426949	0.4108101968	0.3728496058	0.3746883465	0.3681059079	0.3646524761	0.3689346758	0.3720703060	0.3909594756	0.3836839644	0.3891095387	0.3965465042	0.3918681823	0.3798043263	0.3943587283	0.3814860687	0.3893294415	0.3977947684	0.3779091333	0.3876606657	0.3917871906	0.3879191246	0.3356674205	0.1140934122	0.1157163847	0.1196176063	0.3057407641	0.3440208557	0.3679962693	0.3690412527	0.3747619059	0.3862238712	0.1105831882	0.5193385387	0.1398102294	0.3980258329
L1	0.4238788378	0.4203085902	0.4143386186	0.4173385172	0.4352315710	0.4315080817	0.4372660583	0.0735651377	0.4418543704	0.0000000000	0.4310476512	0.4317875767	0.4351908986	0.4375597729	0.3964142280	0.4334476692	0.4297326594	0.4385326273	0.4330149649	0.4286854016	0.0334835189	0.4526033704	0.4466390449	0.4408007313	0.4369597804	0.4300600314	0.4303431183	0.4321307425	0.4311417121	0.4348466690	0.4335697005	0.0355680473	0.4425810738	0.2264225828	0.4163951587	0.4084164249	0.4133353363	0.4053135147	0.4140737881	0.4158351681	0.4103741094	0.4235869587	0.4115917799	0.4122948960	0.4024351259	0.4066173483	0.4204523325	0.4158521817	0.4204869408	0.4082440237	0.4450321014	0.4076474665	0.4066068342	0.4087952785	0.4235466642	0.4111626956	0.4313513786	0.4091036385	0.4145447755	0.4173973214	0.4129910038	0.4169104625	0.2381214884	0.2261025723	0.4189310829	0.3972597615	0.4049627710	0.3985576030	0.3965157841	0.3981136315	0.4173963297	0.4106679894	0.4161604153	0.4268491501	0.4251523323	0.4098466210	0.4275934354	0.4082582992	0.4207743523	0.4219354054	0.3914881678	0.4180122694	0.4130165715	0.4093213791	0.4315889002	0.4393839777	0.4283353582	0.4197672702	0.3521306498	0.4138959077	0.3732259745	0.3953734526	0.3929798176	0.4051992950	0.4326040418	0.0777200183	0.4674704936	0.4230646634
L20	0.3318572883	0.3241195755	0.3816193324	0.3746441429	0.1103378711	0.1102158196	0.1114770739	0.4670535144	0.1102276436	0.4310476512	0.0000000000	0.0165711000	0.0969154506	0.1044785758	0.1131744185	0.1073607131	0.1043879109	0.1002604219	0.1003350650	0.1062098090	0.4495915327	0.1281669986	0.1214549888	0.1169132440	0.1199119481	0.1258750065	0.1212475145	0.1200797295	0.1188058509	0.1125398020	0.1153471250	0.4418039122	0.1123120722	0.4006892397	0.3782050724	0.3807600020	0.3926971087	0.3763188112	0.3857384228	0.3869789508	0.3820226074	0.3807428003	0.3869078469	0.3900902433	0.3961431927	0.3897909962	0.3822898319	0.3833163968	0.3940469039	0.3823967460	0.1047816677	0.3865306191	0.3953062019	0.3808079378	0.3366730324	0.3358929488	0.1045645862	0.3265396061	0.3856842760	0.3982388859	0.3873380766	0.3903272446	0.3990289654	0.4008051169	0.3720535456	0.3775739010	0.3682616622	0.3643922053	0.3692366565	0.3708868717	0.3903723513	0.3903253324	0.3902763460	0.3926945534	0.3900386361	0.3741829166	0.3990679079	0.3860606889	0.3885761607	0.3960102779	0.3645430905	0.3845562172	0.3859430695	0.3885039543	0.3595939951	0.1178781246	0.1150696488	0.1099978363	0.3073667434	0.3535399088	0.3608095840	0.3718303381	0.3786607824	0.3880146534	0.1186153117	0.5026340738	0.1305951723	0.3970108878
L21	0.3315786896	0.3285741772	0.3831999099	0.3775926690	0.1140592040	0.1173167659	0.1192732595	0.4698229651	0.1175636925	0.4317875767	0.0165711000	0.0000000000	0.0984343286	0.1070268295	0.1155362764	0.1090093482	0.1044947309	0.1023411857	0.1039677208	0.1079785095	0.4443587420	0.1294683876	0.1188305172	0.1239661198	0.1250764473	0.1291866488	0.1206113940	0.1221304949	0.1163599592	0.1109604576	0.1173350454	0.4439734700	0.1119643366	0.3943501475	0.3800993712	0.3877526209	0.3932172069	0.3892622134	0.3868561340	0.3853532199	0.3772565273	0.3837620799	0.3796520205	0.3906337881	0.3973615806	0.3966552577	0.3853482105	0.3856193203	0.3907375384	0.3842171180	0.1017888089	0.3846980696	0.3970228520	0.3843669065	0.3350209642	0.3288125399	0.1053178356	0.3197644917	0.3783809257	0.3937738165	0.3925030888	0.3969273218	0.3973221816	0.4076032016	0.3723247104	0.3601426298	0.3508427040	0.3501489908	0.3511165690	0.3552009630	0.3915670949	0.3856538908	0.3876126256	0.3939897073	0.3858544965	0.3703685601	0.3944058335	0.3829883589	0.3936085547	0.3922246916	0.3706013430	0.3915584672	0.3850551011	0.3827043984	0.3689427342	0.1156872450	0.1173668659	0.1122145335	0.2875567306	0.3378154338	0.3471575505	0.3500648371	0.3670353738	0.3834493483	0.1193600073	0.5076178103	0.1364656588	0.3968917687
L22	0.3171992798	0.3142158852	0.3714056360	0.3703559739	0.1109741853	0.1168476529	0.1070978571	0.4750548309	0.1107251805	0.4351908986	0.0969154506	0.0984343286	0.0000000000	0.0384062871	0.1228366768	0.0973012509	0.1029939825	0.1052389656	0.0990860691	0.1051011590	0.4494635377	0.1283842493	0.1257746216	0.1242892323	0.1230068025	0.1296214051	0.1234817336	0.1277118633	0.1282623212	0.1170869220	0.1196940313	0.4370568394	0.1235586878	0.4030103951	0.3596322501	0.3680154731	0.3761535797	0.3624969337	0.3801098269	0.3784195178	0.3690162134	0.3711511573	0.3873790821	0.3721295618	0.3808105278	0.3795252915	0.3734881459	0.3712242948	0.3801467977	0.3679977195	0.1077788302	0.3820431615	0.3797993612	0.3761247702	0.3270188179	0.3281731625	0.1054054721	0.3174869906	0.3755538892	0.3856956634	0.3766467302	0.3751686893	0.3956258024	0.4036361112	0.3681587607	0.3603855742	0.3531917918	0.3498534105	0.3531124620	0.3580717967	0.3798586075	0.3756236508	0.3781008086	0.3809556200	0.3796444496	0.3561863206	0.3837627345	0.3690635855	0.3768447579	0.3793471477	0.3711038971	0.3729780068	0.3821006966	0.3725274141	0.3878636608	0.1231852220	0.1286899513	0.1186704720	0.2906437243	0.3318239037	0.3449754998	0.3662127118	0.3601976438	0.3688887460	0.1251863231	0.5106893875	0.1338033927	0.3879025250
L23	0.3274857145	0.3198450414	0.3768499836	0.3703823993	0.1195710717	0.1216631820	0.1189234304	0.4743729412	0.1201284313	0.4375597729	0.1044785758	0.1070268295	0.0384062871	0.0000000000	0.1284207601	0.1015258931	0.1117255588	0.1139761539	0.1062513998	0.1126234632	0.4515411927	0.1343034802	0.1322157765	0.1321947988	0.1296821404	0.1367709491	0.1304552978	0.1300033603	0.1344414818	0.1253317013	0.1281776339	0.4426842141	0.1279026248	0.4012005810	0.3651764635	0.3714422876	0.3802450643	0.3672454083	0.3715445416	0.3799780090	0.3704998091	0.3682058946	0.3898003716	0.3764961821	0.3848912115	0.3788886045	0.3781798512	0.3800074697	0.3860988494	0.3748064329	0.1149679684	0.3772142161	0.3830447231	0.3779614612	0.3346260726	0.3282255943	0.1164458697	0.3193610204	0.3746035689	0.3832975402	0.3820326632	0.3836678367	0.3925123160	0.4087232408	0.3667718101	0.3640240123	0.3624299842	0.3568526423	0.3585505661	0.3593869912	0.3837386458	0.3819700488	0.3825501882	0.3879100162	0.3842081687	0.3596316566	0.3906288466	0.3798971547	0.3829306374	0.3851924485	0.3657646802	0.3741578106	0.3802007496	0.3729461703	0.3726851931	0.1245718781	0.1299686118	0.1233337153	0.2935651928	0.3407667123	0.3611164619	0.3610135797	0.3674134816	0.3781001836	0.1261253112	0.5086856093	0.1392945988	0.3880286348
L24	0.2859058001	0.2645816603	0.3275761685	0.3098765461	0.1077769236	0.1117067954	0.1100362536	0.4147040213	0.1067970747	0.3964142280	0.1131744185	0.1155362764	0.1228366768	0.1284207601	0.0000000000	0.0829796886	0.1055533181	0.1128626793	0.0911178435	0.0914076029	0.4328360079	0.1277919653	0.1189420161	0.1149519869	0.1078064390	0.1116957674	0.1106450227	0.1200763081	0.1248606026	0.1033153601	0.1190692561	0.3796812593	0.1278194211	0.3655011666	0.3145604723	0.3028851240	0.3177814523	0.3011638002	0.3111928095	0.3148751079	0.3059191422	0.3074636725	0.3397355186	0.2943429418	0.3331589678	0.3225726295	0.3244893762	0.3079083059	0.3336364285	0.3032677552	0.1035258462	0.3266820621	0.3372952836	0.2914118349	0.2853196154	0.2808320033	0.1104729894	0.2753413142	0.3051946256	0.3241462648	0.3243141158	0.3069791672	0.3704974403	0.3744301937	0.3150441959	0.2787120427	0.2892180656	0.2846676296	0.2860390653	0.2835619073	0.3232263762	0.3365990389	0.3424077611	0.3236570116	0.3100281544	0.3049137965	0.3216149662	0.3144788096	0.3164602052	0.3156728318	0.3271181558	0.3220120602	0.3261688638	0.2985325171	0.3645145868	0.1149402149	0.1176109343	0.0979836286	0.2247770453	0.3004838348	0.3103287474	0.2984085613	0.3218208851	0.3173221441	0.1055692744	0.4685628393	0.1394886138	0.3337939268
L25	0.3254691237	0.3283916142	0.3809350148	0.3824006169	0.1125394530	0.1157211940	0.1091916125	0.4716113691	0.1113979281	0.4334476692	0.1073607131	0.1090093482	0.0973012509	0.1015258931	0.0829796886	0.0000000000	0.1037771104	0.1077295896	0.0876806460	0.0945421272	0.4456474304	0.1242815718	0.1127551152	0.1232258394	0.1173234222	0.1229851808	0.1200719075	0.1141605609	0.1163294344	0.1129372189	0.1172823377	0.4356868563	0.1186145616	0.4041253023	0.3766862739	0.3789554095	0.3829381550	0.3772410643	0.3875261096	0.3850635186	0.3779364062	0.3830686476	0.3883739513	0.3861373920	0.3873798804	0.3885544936	0.3761050582	0.3797536422	0.3864893586	0.3833116663	0.1040890646	0.3890285583	0.3941721187	0.3833743168	0.3305463168	0.3400011434	0.1041740675	0.3292484773	0.3879789009	0.4012816492	0.3863370621	0.3828979823	0.3956271577	0.4077087392	0.3695310792	0.3655717841	0.3562959766	0.3551002390	0.3542196773	0.3609913762	0.3883757544	0.3807321519	0.3845529359	0.3944448237	0.3910293364	0.3650981919	0.3913190483	0.3788577525	0.3846266759	0.3917636637	0.3505090638	0.3865012501	0.3849586857	0.3834801912	0.3595804552	0.1091236460	0.1142405093	0.1120992968	0.2874930686	0.3325617720	0.3559199686	0.3634861435	0.3727135831	0.3791468386	0.1184698400	0.5108079993	0.1264517946	0.4026733455
L26	0.3198903825	0.3272719773	0.3715509901	0.3731811610	0.1132147024	0.1120686587	0.1042008513	0.4720033631	0.0987054027	0.4297326594	0.1043879109	0.1044947309	0.1029939825	0.1117255588	0.1055533181	0.1037771104	0.0000000000	0.0798021632	0.1022304129	0.1046765027	0.4521616036	0.1264714231	0.1227563921	0.1233939817	0.1227287659	0.1293379296	0.1256141913	0.1232128738	0.1260550388	0.1117991845	0.1130490792	0.4394081267	0.1109961907	0.4027411514	0.3661051899	0.3803572828	0.3820432076	0.3705330429	0.3812718011	0.3812619680	0.3761440168	0.3725015631	0.3744712813	0.3829072199	0.3852504714	0.3805017039	0.3767385980	0.3837750121	0.3800619504	0.3756154888	0.0958867926	0.3845091459	0.3909408182	0.3795512366	0.3277923143	0.3314874832	0.0961041175	0.3265565858	0.3869310038	0.3916914992	0.3807356760	0.3791889447	0.3930096708	0.4028616373	0.3663792129	0.3716740009	0.3649642407	0.3628113256	0.3642792729	0.3666171247	0.3867600642	0.3837688631	0.3855356400	0.3901254092	0.3879240475	0.3621853972	0.3915256933	0.3853117500	0.3856705707	0.3905827116	0.3559224657	0.3776913774	0.3865699452	0.3747259641	0.3695827304	0.1119117189	0.1190880439	0.1192310462	0.2975663403	0.3152251177	0.3623524800	0.3677660293	0.3704705886	0.3863614498	0.1159399579	0.5064314204	0.1334534207	0.3939328944
L27	0.3232777953	0.3238983391	0.3831969509	0.3856117784	0.1139533629	0.1132376233	0.0954969531	0.4626651549	0.0940591878	0.4385326273	0.1002604219	0.1023411857	0.1052389656	0.1139761539	0.1128626793	0.1077295896	0.0798021632	0.0000000000	0.1038425965	0.1074267936	0.4472577319	0.1307529594	0.1229543953	0.1245085685	0.1250176797	0.1267090477	0.1257434656	0.1242715794	0.1288133515	0.1169646938	0.1158899737	0.4360001599	0.1151598912	0.4011741839	0.3694486123	0.3667072384	0.3857091799	0.3762561239	0.3830955959	0.3848868444	0.3763053360	0.3814120365	0.3819697306	0.3818098607	0.3855045008	0.3823106485	0.3821557508	0.3837734024	0.3826850528	0.3709058234	0.0981504301	0.3813343659	0.3887375539	0.3799323061	0.3346497682	0.3328988460	0.1019356506	0.3211071348	0.3795033199	0.3877332017	0.3855933804	0.3845127499	0.3948410040	0.4090366334	0.3657430267	0.3734392453	0.3661262687	0.3624852066	0.3645827324	0.3682469420	0.3905614447	0.3805251160	0.3819388528	0.3880657121	0.3869464586	0.3632278390	0.3900649969	0.3749691764	0.3825579102	0.3867950249	0.3702858122	0.3817906122	0.3817795310	0.3785013812	0.3699264141	0.1158128275	0.1181732296	0.1191505577	0.2925133128	0.3366879293	0.3569902152	0.3635971329	0.3690409326	0.3815861505	0.1166207482	0.5003483840	0.1353619496	0.3910972234
L28	0.3193799917	0.3192436116	0.3715904155	0.3705098904	0.1127246240	0.1149867955	0.1092304682	0.4737573677	0.1088344898	0.4330149649	0.1003350650	0.1039677208	0.0990860691	0.1062513998	0.0911178435	0.0876806460	0.1022304129	0.1038425965	0.0000000000	0.0467909953	0.4406241836	0.1212961323	0.1158659819	0.1237640867	0.1190573626	0.1244573449	0.1223868517	0.1192373934	0.1298724589	0.1111069870	0.1188551714	0.4297161762	0.1153055265	0.3989377182	0.3636716743	0.3793660599	0.3765126926	0.3667106768	0.3759781725	0.3839507153	0.3669321009	0.3769648174	0.3754710780	0.3776353765	0.3807449528	0.3753061879	0.3729319660	0.3715484751	0.3804583530	0.3717004386	0.1059696486	0.3820543792	0.3827376234	0.3754045178	0.3292552372	0.3275115900	0.1038881427	0.3197211554	0.3787630413	0.3876062012	0.3818814228	0.3827894556	0.3945249376	0.4022586549	0.3661820188	0.3630449250	0.3639980776	0.3576429756	0.3551831692	0.3596163937	0.3757505015	0.3793868594	0.3805374878	0.3905030456	0.3838241551	0.3595300081	0.3889477457	0.3807919449	0.3819785576	0.3873945294	0.3639702894	0.3736869263	0.3782892193	0.3752682452	0.3984350385	0.1191441247	0.1138864878	0.1138589721	0.2927650170	0.3380201131	0.3502389435	0.3616252401	0.3694368882	0.3854140701	0.1147897398	0.5020122911	0.1221857324	0.3919228508
L29	0.3093597632	0.3052377866	0.3608636572	0.3593533126	0.1156825537	0.1175907384	0.1112825922	0.4556516318	0.1136860238	0.4286854016	0.1062098090	0.1079785095	0.1051011590	0.1126234632	0.0914076029	0.0945421272	0.1046765027	0.1074267936	0.0467909953	0.0000000000	0.4419423185	0.1200359506	0.1155218708	0.1208547113	0.1169724290	0.1228457697	0.1207718869	0.1137754490	0.1217946873	0.1131426349	0.1163823414	0.4318289548	0.1177495868	0.3887218961	0.3541373577	0.3595760427	0.3675900061	0.3589157837	0.3650667827	0.3660900770	0.3577767700	0.3660368778	0.3690684406	0.3619424564	0.3688172016	0.3615265938	0.3619538092	0.3627407531	0.3660461886	0.3665531257	0.1109805785	0.3659602549	0.3707013837	0.3643364244	0.3212989988	0.3268676669	0.1091106920	0.3160969145	0.3669109100	0.3762654801	0.3703588842	0.3708507897	0.3810010763	0.3940636663	0.3604900054	0.3489857287	0.3476425837	0.3477277663	0.3450921620	0.3481840605	0.3698594705	0.3631532551	0.3678870734	0.3739968885	0.3640552313	0.3564618568	0.3747290772	0.3630798085	0.3669369332	0.3736205814	0.3602840194	0.3682850868	0.3681162875	0.3595115424	0.3812792773	0.1097480197	0.1102761565	0.1164331175	0.2993078761	0.3312590985	0.3374006777	0.3390627722	0.3493075107	0.3657789896	0.1154738310	0.4968198968	0.1235187417	0.3808224402
L2	0.4272817264	0.4313507739	0.4218420369	0.4302832839	0.4453023468	0.4461909010	0.4503564653	0.0701341205	0.4571224436	0.0334835189	0.4495915327	0.4443587420	0.4494635377	0.4515411927	0.4328360079	0.4456474304	0.4521616036	0.4472577319	0.4406241836	0.4419423185	0.0000000000	0.4681891058	0.4719773078	0.4598752812	0.4467131732	0.4467910766	0.4448907749	0.4417734302	0.4470427691	0.4486003027	0.4479461216	0.0531715197	0.4540091376	0.2262574572	0.4207572682	0.4241911961	0.4205785158	0.4258319295	0.4265042554	0.4252175648	0.4230966723	0.4327265316	0.4204670699	0.4236530168	0.4201974010	0.4175956623	0.4261155106	0.4274575644	0.4332375310	0.4272108226	0.4592444971	0.4195296481	0.4226078388	0.4255500168	0.4271110239	0.4284588627	0.4459255709	0.4304052283	0.4225846631	0.4307571781	0.4268663105	0.4266840742	0.2399041100	0.2293747862	0.4272219481	0.4127133350	0.4120357839	0.4035304915	0.4056047777	0.4099199785	0.4272147638	0.4246974991	0.4284985283	0.4307152263	0.4336087993	0.4173881899	0.4350682590	0.4228222001	0.4308155842	0.4324311647	0.3635417221	0.4291711758	0.4195238338	0.4246884295	0.4116663806	0.4512634816	0.4479136187	0.4306643300	0.3571332345	0.4279663523	0.3928339419	0.3972186775	0.3959210967	0.4197625063	0.4492743499	0.0750742345	0.4857607912	0.4297005792
L30	0.3332098923	0.3308369927	0.3909333495	0.3926558351	0.1327875230	0.1349260673	0.1333137252	0.4991775123	0.1333676545	0.4526033704	0.1281669986	0.1294683876	0.1283842493	0.1343034802	0.1277919653	0.1242815718	0.1264714231	0.1307529594	0.1212961323	0.1200359506	0.4681891058	0.0000000000	0.0398166434	0.1215187156	0.1272505873	0.1285680795	0.1283175557	0.1209477425	0.1260859709	0.1148667611	0.1187085951	0.4628098259	0.1263178508	0.4145263583	0.3886814041	0.3925574560	0.4018987169	0.3909323264	0.3949564145	0.3952816445	0.3826150742	0.3919127549	0.3894948239	0.3916555146	0.3980367586	0.3964529784	0.3923983614	0.3872913602	0.4029033459	0.3962182328	0.1329564533	0.3944640975	0.4031480233	0.3920718524	0.3416996407	0.3468759764	0.1302962865	0.3342393426	0.3964225654	0.4052085655	0.3954756346	0.3883185691	0.4141876894	0.4239891486	0.3840562610	0.3853512097	0.3807324018	0.3757256362	0.3755135418	0.3796861728	0.4032169687	0.3939306827	0.3940867195	0.4015352588	0.3941636516	0.3812967393	0.4007728118	0.3908778978	0.3991208034	0.3968320964	0.3779864941	0.3893518541	0.3962150186	0.3895639623	0.3578890926	0.1390098134	0.1301715144	0.1306920381	0.3075352875	0.3517264322	0.3727884348	0.3762841215	0.3799878315	0.3886109028	0.1280574282	0.5293154436	0.0115306318	0.4060047238
L31	0.3311841599	0.3236476845	0.3827168617	0.3820008621	0.1269806731	0.1299754500	0.1245844318	0.4853301978	0.1271011325	0.4466390449	0.1214549888	0.1188305172	0.1257746216	0.1322157765	0.1189420161	0.1127551152	0.1227563921	0.1229543953	0.1158659819	0.1155218708	0.4719773078	0.0398166434	0.0000000000	0.1131388859	0.1134668864	0.1209324338	0.1200113749	0.1147172932	0.1183612892	0.1128082539	0.1160730898	0.4597998859	0.1183619094	0.4135252435	0.3794232144	0.3737678122	0.3921735867	0.3842337639	0.3921668030	0.3848353462	0.3784068081	0.3799993880	0.3832514236	0.3865056378	0.3964061066	0.3926042290	0.3882474231	0.3792402540	0.3891725490	0.3919356904	0.1222238965	0.3890019766	0.3940087275	0.3857840290	0.3384291983	0.3402049532	0.1221034118	0.3356377526	0.3953985385	0.4003878247	0.3909522296	0.3933570737	0.4069781001	0.4171153138	0.3751420085	0.3792510456	0.3755960935	0.3737683696	0.3696348707	0.3729060985	0.3949715350	0.3939360622	0.3961352306	0.4003440406	0.3929686355	0.3770824145	0.4019421832	0.3985991166	0.3940391973	0.3990589360	0.3789237141	0.3867118443	0.3967587891	0.3827582014	0.3778206414	0.1332971566	0.1174246767	0.1263840523	0.3200322093	0.3592220990	0.3697712215	0.3768694391	0.3792742286	0.3859971866	0.1228794643	0.5237315701	0.0399251594	0.4055726711
L32	0.3281141026	0.3270237805	0.3823431779	0.3796397016	0.1269664085	0.1277139125	0.1252234067	0.4851418379	0.1234933119	0.4408007313	0.1169132440	0.1239661198	0.1242892323	0.1321947988	0.1149519869	0.1232258394	0.1233939817	0.1245085685	0.1237640867	0.1208547113	0.4598752812	0.1215187156	0.1131388859	0.0000000000	0.0914972030	0.0902225324	0.0888808055	0.0972367409	0.0948742283	0.1061665847	0.1085599590	0.4405563664	0.1090923516	0.4120400426	0.3763647387	0.3824329641	0.3859692945	0.3804519738	0.3838780086	0.3880916356	0.3795748853	0.3817545591	0.3858118544	0.3845934562	0.3900590830	0.3855031864	0.3826939436	0.3808508573	0.3865485053	0.3837072797	0.1251342321	0.3845674169	0.3901280458	0.3824902102	0.3330859607	0.3353872856	0.1241785183	0.3285824997	0.3896519907	0.3935405585	0.3828399812	0.3759076080	0.4002512588	0.4099128592	0.3698682358	0.3708218721	0.3655498547	0.3623549536	0.3673045412	0.3723411293	0.3888665455	0.3828681522	0.3836307675	0.3943582323	0.3908867749	0.3670463172	0.3949666825	0.3809995952	0.3906820549	0.3923113728	0.3704640037	0.3743652987	0.3863097931	0.3811732126	0.3365404344	0.1292615190	0.1301654463	0.1323707242	0.2983382150	0.3501368067	0.3572877775	0.3630723903	0.3696749966	0.3813990772	0.1287858785	0.5170738984	0.1234747681	0.3968722752
L33	0.3195559274	0.3145412752	0.3722529738	0.3734289569	0.1246366533	0.1243372166	0.1259760419	0.4711946847	0.1254021763	0.4369597804	0.1199119481	0.1250764473	0.1230068025	0.1296821404	0.1078064390	0.1173234222	0.1227287659	0.1250176797	0.1190573626	0.1169724290	0.4467131732	0.1272505873	0.1134668864	0.0914972030	0.0000000000	0.0997397644	0.0979797852	0.0955387139	0.0963463598	0.1077589880	0.1113921816	0.4348390706	0.1125393630	0.3969414183	0.3678643518	0.3710447265	0.3858060998	0.3719528704	0.3795199346	0.3730426026	0.3826479127	0.3726798794	0.3759034364	0.3828723085	0.3836415604	0.3788226309	0.3743219937	0.3744650453	0.3783985989	0.3773934695	0.1234921679	0.3758357875	0.3867225479	0.3777111454	0.3221461993	0.3255162257	0.1228818105	0.3210949925	0.3829298365	0.3882480746	0.3758248040	0.3763596717	0.3906232918	0.4071593190	0.3632344123	0.3681940005	0.3667239231	0.3607781792	0.3624696750	0.3656915198	0.3833670562	0.3773296815	0.3754331667	0.3842159503	0.3803045231	0.3633132474	0.3837508355	0.3795958684	0.3805946913	0.3834540849	0.3619877543	0.3716855118	0.3809672271	0.3804036801	0.3268141834	0.1234283278	0.1326927722	0.1260286497	0.2919831023	0.3424199757	0.3553159128	0.3603341925	0.3596636850	0.3768008763	0.1256686235	0.5045157204	0.1274715042	0.3920364904
L34	0.3319963325	0.3297681496	0.3826776137	0.3803696878	0.1294530244	0.1342640413	0.1305803752	0.4676544960	0.1332962281	0.4300600314	0.1258750065	0.1291866488	0.1296214051	0.1367709491	0.1116957674	0.1229851808	0.1293379296	0.1267090477	0.1244573449	0.1228457697	0.4467910766	0.1285680795	0.1209324338	0.0902225324	0.0997397644	0.0000000000	0.0157094233	0.0995910142	0.1025070701	0.1124732001	0.1188177354	0.4383005722	0.1149356321	0.4065071611	0.3783668334	0.3820331276	0.3784712354	0.3756656621	0.3865819848	0.3892294899	0.3829614434	0.3820163970	0.3819837865	0.3844523847	0.3926237199	0.3904026820	0.3840991750	0.3820612359	0.3873523011	0.3848914544	0.1310693495	0.3851898521	0.3954337377	0.3830279969	0.3330873424	0.3384166323	0.1271839836	0.3313551500	0.3932930809	0.3916390198	0.3765110405	0.3871709704	0.4005963377	0.4073094675	0.3750682853	0.3688285427	0.3675564854	0.3662230803	0.3696661252	0.3692073827	0.3949815667	0.3827452310	0.3805645855	0.3945507886	0.3887722175	0.3710547854	0.3933791569	0.3851042301	0.3856198111	0.3873999170	0.3710655869	0.3834202751	0.3863680603	0.3846389297	0.3595625747	0.1318749135	0.1270652558	0.1343279354	0.3012169732	0.3526187422	0.3584100131	0.3639540025	0.3613018714	0.3874601744	0.1280963295	0.5050800446	0.1314455561	0.3963523800
L35	0.3300532473	0.3277409852	0.3776771523	0.3744361181	0.1215442416	0.1280724604	0.1282652600	0.4653558237	0.1235229845	0.4303431183	0.1212475145	0.1206113940	0.1234817336	0.1304552978	0.1106450227	0.1200719075	0.1256141913	0.1257434656	0.1223868517	0.1207718869	0.4448907749	0.1283175557	0.1200113749	0.0888808055	0.0979797852	0.0157094233	0.0000000000	0.0957088424	0.0982416409	0.1121828883	0.1162039636	0.4359086549	0.1132643880	0.3994579051	0.3711849930	0.3760040131	0.3862738369	0.3762945669	0.3837583692	0.3837876078	0.3791973537	0.3811508735	0.3844633074	0.3864371492	0.3866668742	0.3901257239	0.3816089108	0.3794368515	0.3833054754	0.3843609117	0.1242458784	0.3843753042	0.3932893227	0.3793461322	0.3339683752	0.3360987304	0.1227912252	0.3309576606	0.3868543327	0.3902369589	0.3827385733	0.3825910583	0.3913292012	0.4014548875	0.3722372900	0.3670851745	0.3678249314	0.3622579809	0.3628113837	0.3686846003	0.3886597349	0.3824671818	0.3819324086	0.3914474347	0.3854912052	0.3725387305	0.3936688168	0.3842369576	0.3903256902	0.3891656117	0.3615168612	0.3800159619	0.3833774782	0.3855426324	0.3724054123	0.1270328019	0.1249344566	0.1230952503	0.3022945658	0.3369817126	0.3540123397	0.3641087884	0.3670100285	0.3940245765	0.1244884060	0.5068087333	0.1299305055	0.3961207661
L36	0.3285801979	0.3249669682	0.3821205509	0.3808596343	0.1319435264	0.1317698702	0.1244426528	0.4645755382	0.1241808231	0.4321307425	0.1200797295	0.1221304949	0.1277118633	0.1300033603	0.1200763081	0.1141605609	0.1232128738	0.1242715794	0.1192373934	0.1137754490	0.4417734302	0.1209477425	0.1147172932	0.0972367409	0.0955387139	0.0995910142	0.0957088424	0.0000000000	0.1028940456	0.1095416391	0.1168076396	0.4379186736	0.1141418335	0.3997276446	0.3767301514	0.3799699373	0.3871710339	0.3773700264	0.3864848776	0.3898726874	0.3772344093	0.3802069119	0.3849027953	0.3856200958	0.3920155881	0.3894990528	0.3873936089	0.3908195745	0.3881984157	0.3854180752	0.1294036239	0.3854017370	0.3933774389	0.3851488570	0.3383315477	0.3407653257	0.1273282558	0.3356403799	0.3918751274	0.3975935590	0.3887011964	0.3842524003	0.4027875197	0.4052111474	0.3749842030	0.3732014380	0.3687200856	0.3639629821	0.3673032324	0.3698488169	0.3889959590	0.3794204205	0.3845089793	0.3955981484	0.3856613889	0.3693719447	0.3931128877	0.3928726751	0.3880178922	0.3957966984	0.3788370362	0.3772117775	0.3884388179	0.3861394149	0.3776880086	0.1273342561	0.1339073894	0.1366125260	0.3117374650	0.3484190741	0.3524387701	0.3683703659	0.3715347065	0.3828650269	0.1314989200	0.5052076437	0.1235985993	0.4007611958
L37	0.3251091374	0.3226973833	0.3781276117	0.3773872900	0.1273773506	0.1267008973	0.1254198427	0.4718604516	0.1254534274	0.4311417121	0.1188058509	0.1163599592	0.1282623212	0.1344414818	0.1248606026	0.1163294344	0.1260550388	0.1288133515	0.1298724589	0.1217946873	0.4470427691	0.1260859709	0.1183612892	0.0948742283	0.0963463598	0.1025070701	0.0982416409	0.1028940456	0.0000000000	0.1030196551	0.1136769204	0.4259685755	0.1079149491	0.4000320802	0.3693995486	0.3680844265	0.3857368755	0.3821828422	0.3853746804	0.3785464326	0.3837547854	0.3767562532	0.3942904073	0.3860084229	0.3869673491	0.3856201992	0.3795066124	0.3747847388	0.3801677485	0.3816482324	0.1276915690	0.3779896352	0.3903990144	0.3811520676	0.3323679858	0.3387086635	0.1243473379	0.3327021335	0.3878129519	0.3907115733	0.3762036149	0.3726946223	0.3976812570	0.4058339777	0.3696337022	0.3640637299	0.3670483037	0.3579482421	0.3593716457	0.3634934682	0.3903261557	0.3834416732	0.3815966588	0.3956835160	0.3881567048	0.3679797720	0.3922585746	0.3892436573	0.3807962769	0.3947265425	0.3738063041	0.3780905346	0.3871710828	0.3779521610	0.3605991648	0.1235235264	0.1304128198	0.1222467629	0.3068122554	0.3522532713	0.3694097469	0.3619992375	0.3764806857	0.3872528251	0.1291453877	0.5068757384	0.1330814046	0.3967794289
L38	0.3270119189	0.3195267906	0.3809141525	0.3791682947	0.1226154478	0.1219786110	0.1150166223	0.4688630144	0.1127371896	0.4348466690	0.1125398020	0.1109604576	0.1170869220	0.1253317013	0.1033153601	0.1129372189	0.1117991845	0.1169646938	0.1111069870	0.1131426349	0.4486003027	0.1148667611	0.1128082539	0.1061665847	0.1077589880	0.1124732001	0.1121828883	0.1095416391	0.1030196551	0.0000000000	0.0919144467	0.4335982496	0.0925967006	0.4031375436	0.3807379852	0.3718118933	0.3860863876	0.3783210034	0.3841923699	0.3851643791	0.3819409539	0.3835514925	0.3863485298	0.3845227545	0.3878510279	0.3842314366	0.3754933640	0.3849221091	0.3848006192	0.3820854212	0.1149420797	0.3890594938	0.3940058011	0.3819346216	0.3344148749	0.3307333132	0.1144579524	0.3277264403	0.3907283634	0.3951068653	0.3875093451	0.3822436276	0.4010592651	0.4058889547	0.3772780760	0.3721523860	0.3679134466	0.3680134363	0.3646113264	0.3692700686	0.3906249343	0.3787318964	0.3810097389	0.3874173799	0.3787213612	0.3691364617	0.3878717672	0.3850331043	0.3804298108	0.3898379047	0.3736790879	0.3829682018	0.3823843258	0.3843208835	0.3173568679	0.1188146756	0.1169299163	0.1254647007	0.3073212931	0.3267527633	0.3672389242	0.3679215358	0.3699493375	0.3828267541	0.1189709861	0.5065165088	0.1192649198	0.3988439927
L39	0.3246501985	0.3242753861	0.3814981991	0.3787256624	0.1246386888	0.1208561461	0.1215486641	0.4681200317	0.1211459213	0.4335697005	0.1153471250	0.1173350454	0.1196940313	0.1281776339	0.1190692561	0.1172823377	0.1130490792	0.1158899737	0.1188551714	0.1163823414	0.4479461216	0.1187085951	0.1160730898	0.1085599590	0.1113921816	0.1188177354	0.1162039636	0.1168076396	0.1136769204	0.0919144467	0.0000000000	0.4423399613	0.0144930671	0.4037966314	0.3732518285	0.3785524342	0.3871614960	0.3738378828	0.3839271869	0.3858683597	0.3812670353	0.3835600100	0.3892354305	0.3853717571	0.3871178856	0.3900914580	0.3821479098	0.3787201944	0.3877378456	0.3813717626	0.1177275060	0.3929020118	0.3940105825	0.3833495830	0.3324085480	0.3376654980	0.1149078686	0.3311039532	0.3893502096	0.3928761181	0.3799993750	0.3868635538	0.4008440668	0.4058480081	0.3768286930	0.3690543625	0.3641254110	0.3634473306	0.3665526563	0.3661292213	0.3873738476	0.3829253048	0.3804319484	0.3943513778	0.3895145791	0.3783322217	0.3938409661	0.3886982669	0.3939559147	0.3934235942	0.3776458086	0.3835520386	0.3847780888	0.3822579712	0.3384354295	0.1292528615	0.1191878071	0.1248980978	0.3039773930	0.3408036722	0.3503798578	0.3668561053	0.3641321186	0.3796513649	0.1184404754	0.5085586039	0.1263243646	0.3954667986
